Number of suppliers is 8

Time Manufacturer Suppliers 
t     0   1   2   3   4   5   6   7   8
0     0   0   0   0   0   0   0   0   5
1     0   0   0   0   0   0   0   0  10
2     0   0   0   0   0   0   0   0  20
3     0   0   0   0   0   0   0   0  19
4     0   0   0   0   0   0   0   0  37
5     0   0   0   0   0   0   0   0  75
6     0   0   0   0   0 180   0   0 180
7     0   0   0   0   0 180   0   0 180
8     0   0   0   0   0 180   0   0 180
9     0   0   0   0   0 180   0   0 180
10    0   0   0   0   0  95   0   0 180
11    0   0   0   0   0  36   0   0  36
12    0   0   0  75   0  75   0   0  71
13    0   0   0 151   0  91   0   0   0
14    0   0   0 180   0 180   0   0   0
15    0   0   0 180   0 164   0   0   0
16    0   0   0 180   0 180   0   0   0
17    0   0   0  76   0  76   0   0   0
18  180   0   0 180   0  73   0   0   0
19  180   0   0 180   0 105   0   0   0
20  180   0   0 172   0   0   0   0   0
21  180   0   0 180   0   0   0   0   0
22  180   0   0 180   0   0   0   0   0
23  119   0   0 119   0   0   0   0   0
24  119   0   0 180   0   0   0   0   0
25  119   0   0 180   0   0   0   0   0
26  119   0   0 180   0   0   0   0   0
27  119   0   0   0   0   0   0   0   0
28  119   0   0   0   0   0   0   0   0
29  119   0   0   0   0   0   0   0   0