Number of suppliers is 8

Time Manufacturer Suppliers 
t     0   1   2   3   4   5   6   7   8
0     0   0   0   0   0   0   0   0   5
1     0   0   0   0   0   0   0   0  10
2     0   0   0   0   0   0   0   0  25
3     0   0   0   0   0   0   0   0  75
4     0   0   0   0   0   0   0   0 173
5     0   0   0   0   0   0   0   0 180
6     0   0   0   0   0   0   0   0 180
7     0   0   0   0   0   0   0   0 180
8     0   0   0   0   0   0   0   0 180
9     0   0   0   0   0   0   0   0 180
10    0   0   0   0   0   0   0   0 180
11    0   0   0   0   0 180   0   0 180
12    0   0   0   0   0 180   0   0 180
13    0   0   0   0   0  51   0   0 180
14    0   0   0   0   0  97   0   0 180
15    0   0   0   0   0 180   0   0 180
16    0   0   0   0   0 145   0   0   0
17    0   0   0 146   0 146   0   0   0
18    0   0   0 180   0 180   0   0   0
19    0   0   0 180   0 180   0   0   0
20    0   0   0 180   0 180   0   0   0
21    0   0   0 180   0  60   0   0   0
22    0   0   0 121   0 121   0   0   0
23  180   0   0 180   0 180   0   0   0
24  180   0   0 123   0 180   0   0   0
25  180   0   0 180   0   0   0   0   0
26  180   0   0 180   0   0   0   0   0
27  180   0   0 145   0   0   0   0   0
28  173   0   0 173   0   0   0   0   0
29  173   0   0 180   0   0   0   0   0