Number of suppliers is 8

Time Manufacturer Suppliers 
t     0   1   2   3   4   5   6   7   8
0     0   0   0   0   0   0   0   0   5
1     0   0   0   0   0   0   0   0   9
2     0   0   0   0   0   0   0   0   7
3     0   0   0   0   0   0   0   0   2
4     0   0   0   0   0   0   0   0   2
5     0   0   0   0   0   0   0   0   1
6     0   0   0   0   1   0   0   0   1
7     0   0   0   0   2   0   0   0   0
8     0   0   0   0   2   0   0   0   0
9     0   0   0   0   2   0   0   0   0
10    0   0   0   0   1   0   0   0   0
11    0   0   0   0   2   0   0   0   0
12    0   0   0   2   2   0   0   0   0
13    0   0   0   0   2   0   0   0   0
14    0   0   0   0   3   0   0   0   0
15    0   0   0   0   4   0   0   0   0
16    0   0   0   0   7   0   0   0   0
17    0   5   0   0   5   0   0   0   0
18    0  11   0   0   9   0   0   0   0
19    0   3   0   0  15   0   0   0   0
20    0   3   0   0   6   0   0   0   0
21    0   6   0   0   0   0   0   0   0
22    0  13   0   0   0   0   0   0   0
23   21  21   0   0   0   0   0   0   0
24   21  28   0   0   0   0   0   0   0
25   21  28   0   0   0   0   0   0   0
26   21  32   0   0   0   0   0   0   0
27   21  57   0   0   0   0   0   0   0
28   67  67   0   0   0   0   0   0   0
29   67   0   0   0   0   0   0   0   0