Number of suppliers is 8

Time Manufacturer Suppliers 
t     0   1   2   3   4   5   6   7   8
0     0   0   0   0   0   0   0   0   5
1     0   0   0   0   0   0   0   0   8
2     0   0   0   0   0   0   0   0  15
3     0   0   0   0   0   0   0   0  39
4     0   0   0   0   0   0   0   0 102
5     0   0   0   0   0   0   0   0 180
6     0   0   0   0   0   0   0   0 180
7     0   0   0   0   0   0   0   0 128
8     0   0   0   0   0   0   0   0 180
9     0   0   0   0   0   0   0   0 180
10    0   0   0   0   0   0   0   0 180
11    0   0   0   0   0   0 122   0 122
12    0   0   0   0   0   0 180   0 180
13    0   0   0   0   0   0 180   0 180
14    0   0   0   0   0   0 180   0 180
15    0   0   0   0   0   0 180   0 180
16    0   0   0   0   0   0 180   0   0
17    0   0 180   0   0   0 180   0   0
18    0   0 179   0   0   0 180   0   0
19    0   0 180   0   0   0 180   0   0
20    0   0 180   0   0   0 180   0   0
21    0   0 180   0   0   0 180   0   0
22    0   0 180   0   0 180 180   0   0
23  180   0 180   0   0 180 180   0   0
24  180   0 180   0   0 180 180   0   0
25  180   0 180   0   0  33 180   0   0
26  180   0 127   0   0  33 180   0   0
27  180   0 180   0 180  26 180   0  33
28  180   0  33   0  33  33   0   0  47
29  180   0  64   0  48  58   0   0  82