Number of suppliers is 8

Time Manufacturer Suppliers 
t     0   1   2   3   4   5   6   7   8
0     0   0   0   0   0   0   0   0   5
1     0   0   0   0   0   0   0   0   2
2     0   0   0   0   0   0   0   0   3
3     0   0   0   0   0   0   0   0   4
4     0   0   0   0   0   0   0   0   5
5     0   0   0   0   0   0   0   0   7
6     0   0   0   0   9   0   0   0   9
7     0   0   0   0   8   0   0   0  15
8     0   0   0   0  11   0   0   0  13
9     0   0   0   0  13   0   0   0  25
10    0   0   0   0  12   0   0   0  47
11    0   0   0   0  73   0   0   0  73
12    0   0   0   0 143   0   0   0  75
13    0   0   0   0  81   0   0   0 125
14    0   0   0   0 106   0   0   0 180
15    0   0   0   0 180   0   0   0   0
16    0   0   0   0 180   0   0   0   0
17    0   0   0 180 180   0   0   0   0
18    0   0   0 166 180   0   0   0   0
19    0   0   0 180 180   0   0   0   0
20    0   0   0 180 180   0   0   0   0
21    0   0   0 161 180   0   0   0   0
22    0   0   0 180   0   0   0   0   0
23  180   0   0 180   0   0   0   0   0
24  180   0   0 180   0   0   0   0   0
25  180   0   0 180   0   0   0   0   0
26  180   0   0 168   0   0   0   0   0
27  180   0   0 180   0   0   0   0   0
28  180   0   0 180   0   0   0   0   0
29  180   0   0 180   0   0   0   0   0