Number of suppliers is 8

Time Manufacturer Suppliers 
t     0   1   2   3   4   5   6   7   8
0     0   0   0   0   0   0   0   0   5
1     0   0   0   0   0   0   0   0   5
2     0   0   0   0   0   0   0   0  14
3     0   0   0   0   0   0   0   0  30
4     0   0   0   0   0   0   0   0  26
5     0   0   0   0   0   0   0   0  63
6     0   0   0   0   0 141   0   0 141
7     0   0   0   0   0 114   0   0 180
8     0   0   0   0   0 134   0   0 180
9     0   0   0   0   0  29   0   0 153
10    0   0   0   0   0  37   0   0 180
11    0   0   0   0   0  21   0   0 180
12    0   0   0  34   0  34   0   0 180
13    0   0   0 105   0  40   0   0 180
14    0   0   0 180   0  68   0   0 180
15    0   0   0 180   0 151   0   0 180
16    0   0   0 180   0 180   0   0 180
17    0   0   0 180   0 180   0   0   0
18  180   0   0 180   0 167   0   0   0
19  180   0   0 180   0   0   0   0   0
20  180   0   0 161   0   0   0   0   0
21  180   0   0 180   0   0   0   0   0
22  180   0   0 180   0   0   0   0   0
23  180   0   0 180   0   0   0   0   0
24  180   0   0 180   0   0   0   0   0
25  180   0   0 180   0   0   0   0   0
26  180   0   0 180   0   0   0   0   0
27  180   0   0 180   0   0   0   0   0
28  114   0   0 114   0   0   0   0   0
29  114   0   0 180   0   0   0   0   0