Number of suppliers is 8

Time Manufacturer Suppliers 
t     0   1   2   3   4   5   6   7   8
0     0   0   0   0   0   0   0   0   5
1     0   0   0   0   0   0   0   0   6
2     0   0   0   0   0   0   0   0   9
3     0   0   0   0   0   0   0   0   3
4     0   0   0   0   0   0   0   0   6
5     0   0   0   0   0   0   0   0  14
6     0   0   0   0   0   0   0   0  29
7     0   0   0   0   0   0   0   0  59
8     0   0   0   0   0   0   0   0 158
9     0   0   0   0   0   0   0   0 180
10    0   0   0   0   0   0   0   0 180
11    0   0   0   0   0   0 180   0 180
12    0   0   0   0   0   0 180   0 180
13    0   0   0   0   0   0  61   0 180
14    0   0   0   0   0   0 167   0 180
15    0   0   0   0   0   0 180   0 180
16    0   0   0   0   0   0 180   0   0
17    0   0 180   0   0   0 180   0   0
18    0   0 180   0   0   0 180   0   0
19    0   0 180   0   0   0 180   0   0
20    0   0 180   0   0   0 180   0   0
21    0   0 180   0   0   0 180   0   0
22    0   0 180   0 180 180 180   0   0
23  180   0 180   0 180 180 180   0   0
24  180   0 180   0 180 103 180   0   0
25  180   0 180   0  82 151 100   0   0
26  180   0 180   0  96 180   0   0   0
27  180   0 180   0 180 180 180   0 180
28  180   0 180   0 180 180 180   0 180
29  180   0   0   0  26 180 180   0 180