Number of suppliers is 8

Time Manufacturer Suppliers 
t     0   1   2   3   4   5   6   7   8
0     0   0   0   0   0   0   0   0   5
1     0   0   0   0   0   0   0   0   7
2     0   0   0   0   0   0   0   0  16
3     0   0   0   0   0   0   0   0  24
4     0   0   0   0   0   0   0   0  37
5     0   0   0   0   0   0   0   0  65
6     0   0   0   0   0   0   0   0 162
7     0   0   0   0   0   0   0   0 121
8     0   0   0   0   0   0   0   0 180
9     0   0   0   0   0   0   0   0 180
10    0   0   0   0   0   0   0   0 180
11    0   0   0   0   0   0   0   0 180
12    0   0   0   0   0   0   0   0 180
13    0   0   0   0   0   0   0   0 180
14    0   0   0   0   0   0   0   0 180
15    0   0   0   0   0   0   0   0 180
16    0   0   0   0   0 145   0   0 145
17    0   0   0   0   0 180   0   0   0
18    0   0   0   0   0 180   0   0   0
19    0   0   0   0   0 142   0   0   0
20    0   0   0   0   0 137   0   0   0
21    0   0   0   0   0 180   0   0  24
22    0   0   0   0  24  24   0   0  35
23    0   0   0   0  44  42   0   0  77
24    0   0   0   0  99  62   0   0 180
25    0   0   0   0 180  82   0   0 180
26    0   0   0   0 180 120   0   0 163
27    0   0   0   0  54   0   0   0 180
28    0   0   0   0 101   0   0   0 180
29    0   0   0   0 144   0   0   0 180