Number of suppliers is 8

Time Manufacturer Suppliers 
t     0   1   2   3   4   5   6   7   8
0     0   0   0   0   0   0   0   0   5
1     0   0   0   0   0   0   0   0   3
2     0   0   0   0   0   0   0   0   3
3     0   0   0   0   0   0   0   0   7
4     0   0   0   0   0   0   0   0  11
5     0   0   0   0   0   0   0   0  14
6     0   0   0   0   0  15   0   0  15
7     0   0   0   0   0  27   0   0  12
8     0   0   0   0   0  58   0   0  26
9     0   0   0   0   0  42   0   0  60
10    0   0   0   0   0  83   0   0 108
11    0   0   0   0   0 156   0   0 156
12    0   0   0 174   0 174   0   0 180
13    0   0   0 180   0 180   0   0 142
14    0   0   0 180   0 180   0   0 180
15    0   0   0 180   0 180   0   0 180
16    0   0   0  69   0 180   0   0 180
17    0   0   0 180   0 180   0   0 180
18  180   0   0 180   0 180   0   0 180
19  180   0   0 180   0 180   0   0   0
20  180   0   0 180   0   0   0   0   0
21  180   0   0 180   0   0   0   0   0
22  180   0   0 180   0   0   0   0   0
23  180   0   0 180   0   0   0   0   0
24  180   0   0  81   0   0   0   0   0
25  180   0   0 180   0   0   0   0   0
26  180   0   0   0   0   0   0   0   0
27  180   0   0   0   0   0   0   0   0
28  180   0   0   0   0   0   0   0   0
29  180   0   0   0   0   0   0   0   0