Number of suppliers is 8

Time Manufacturer Suppliers 
t     0   1   2   3   4   5   6   7   8
0     0   0   0   0   0   0   0   0   5
1     0   0   0   0   0   0   0   0   3
2     0   0   0   0   0   0   0   0   6
3     0   0   0   0   0   0   0   0  16
4     0   0   0   0   0   0   0   0  35
5     0   0   0   0   0   0   0   0   8
6     0   0   0   0   0   0   0   0   5
7     0   0   0   0   0   0   0   0   9
8     0   0   0   0   0   0   0   0  11
9     0   0   0   0   0   0   0   0  33
10    0   0   0   0   0   0   0   0  59
11    0   0   0   0   0   0   0   0 120
12    0   0   0   0   0   0   0   0 180
13    0   0   0   0   0   0   0   0 180
14    0   0   0   0   0   0   0   0 180
15    0   0   0   0   0   0   0   0 180
16    0   0   0   0   0   0   0   0 180
17    0   0   0   0   0   0   0   0 180
18    0   0   0   0   0   0   0   0 180
19    0   0   0   0   0   0   0   0   0
20    0   0   0   0   0   0   0   0   0
21    0   0   0   0   0   0   0   0   0
22    0   0   0   0   0   0   0   0   0
23    0   0   0   0   0   0   0   0   0
24    0   0   0   0   0   0   0   0   0
25    0   0   0   0   0   0   0   0   0
26    0   0   0   0   0   0   0   0   0
27    0   0   0   0   0   0   0   0   0
28    0   0   0   0   0   0   0   0   0
29    0   0   0   0   0   0   0   0   0