Number of suppliers is 8

Time Manufacturer Suppliers 
t     0   1   2   3   4   5   6   7   8
0     0   0   0   0   0   0   0   0   5
1     0   0   0   0   0   0   0   0  12
2     0   0   0   0   0   0   0   0  16
3     0   0   0   0   0   0   0   0  38
4     0   0   0   0   0   0   0   0  92
5     0   0   0   0   0   0   0   0 180
6     0   0   0   0   0   0 180   0 180
7     0   0   0   0   0   0 180   0 180
8     0   0   0   0   0   0 180   0 180
9     0   0   0   0   0   0 180   0 180
10    0   0   0   0   0   0 180   0 180
11    0   0   0   0   0   0 180   0 180
12    0   0 180   0   0   0 180   0 180
13    0   0 180   0   0   0 180   0 180
14    0   0 180   0   0   0 180   0 180
15    0   0 180   0   0   0 180   0 145
16    0   0  86   0   0   0 180   0 180
17    0   0 180   0   0   0 180   0 180
18  180   0 180   0   0   0 180   0 180
19  180   0 180   0   0   0 175   0 180
20  180   0 180   0   0   0 180   0 180
21  180   0 180   0   0   0   0   0 180
22  180   0 180   0   0 180 180   0   0
23  180   0 180   0   0 144 180   0   0
24  180   0 180   0   0 147 149   0   0
25  180   0 180   0   0 180 180   0   0
26  180   0 180   0   0 180 180   0   0
27  180   0 180   0 180 180 180   0 154
28  180   0 180   0 154 154 180   0 180
29  180   0 180   0 180 145 180   0 180