Number of suppliers is 8

Time Manufacturer Suppliers 
t     0   1   2   3   4   5   6   7   8
0     0   0   0   0   0   0   0   0   5
1     0   0   0   0   0   0   0   0   7
2     0   0   0   0   0   0   0   0  14
3     0   0   0   0   0   0   0   0  35
4     0   0   0   0   0   0   0   0  87
5     0   0   0   0   0   0   0   0 180
6     0   0   0   0   0 180   0   0 180
7     0   0   0   0   0 180   0   0 180
8     0   0   0   0   0 180   0   0 180
9     0   0   0   0   0 143   0   0 166
10    0   0   0   0   0 180   0   0 180
11    0   0   0   0   0 180   0   0 180
12    0   0   0 180   0 180   0   0 180
13    0   0   0 180   0 180   0   0 180
14    0   0   0 113   0 180   0   0 180
15    0   0   0 180   0 180   0   0 180
16    0   0   0 180   0  97   0   0  97
17    0   0   0  82   0  82   0   0 180
18   65   0   0  65   0 108   0   0 180
19   65   0   0 171   0 180   0   0 180
20   65   0   0 180   0   0   0   0   0
21   65   0   0 180   0   0   0   0   0
22   65   0   0 180   0   0   0   0   0
23  180   0   0 180   0   0   0   0   0
24  180   0   0 180   0   0   0   0   0
25  180   0   0 180   0   0   0   0   0
26  180   0   0 180   0   0   0   0   0
27  180   0   0 180   0   0   0   0   0
28  180   0   0 180   0   0   0   0   0
29  180   0   0 180   0   0   0   0   0