Number of suppliers is 8

Time Manufacturer Suppliers 
t     0   1   2   3   4   5   6   7   8
0     0   0   0   0   0   0   0   0   5
1     0   0   0   0   0   0   0   0  15
2     0   0   0   0   0   0   0   0  48
3     0   0   0   0   0   0   0   0  62
4     0   0   0   0   0   0   0   0 121
5     0   0   0   0   0   0   0   0 180
6     0   0   0   0   0 180   0   0 180
7     0   0   0   0   0 180   0   0 180
8     0   0   0   0   0 143   0   0 180
9     0   0   0   0   0 180   0   0 180
10    0   0   0   0   0 180   0   0 180
11    0   0   0   0   0 180   0   0 180
12    0   0   0 180   0 180   0   0 180
13    0   0   0 180   0 180   0   0   0
14    0   0   0 180   0  79   0   0   0
15    0   0   0 180   0   0   0   0   0
16    0   0   0 180   0   0   0   0   0
17    0   0   0 180   0   0   0 180   0
18  180   0   0 180   0   0   0 175   0
19  180   0   0 180   0   0   0 180   0
20  180   0   0 168   0   0   0 180   0
21  180   0   0 180   0   0   0  62   0
22  180   0   0 180   0   0   0  94   0
23  180   0   0 180   0   0   0 144   0
24  180   0   0 180   0   0   0 180   0
25  180   0   0 180   0   0   0 180   0
26  180   0   0 180   0   0   0  31   0
27  180   0   0   0   0   0   0  33   0
28  180   0   0   0   0   0   0   0   0
29  180   0   0   0   0   0   0   0   0