Number of suppliers is 8

Time Manufacturer Suppliers 
t     0   1   2   3   4   5   6   7   8
0     0   0   0   0   0   0   0   0   5
1     0   0   0   0   0   0   0   0   9
2     0   0   0   0   0   0   0   0  16
3     0   0   0   0   0   0   0   0  47
4     0   0   0   0   0   0   0   0 142
5     0   0   0   0   0   0   0   0 180
6     0   0   0   0   0   0 180   0 180
7     0   0   0   0   0   0 180   0 180
8     0   0   0   0   0   0 180   0 180
9     0   0   0   0   0   0 180   0 180
10    0   0   0   0   0   0 180   0 180
11    0   0   0   0   0   0 180   0 180
12    0   0  41   0   0   0  41   0 180
13    0   0  53   0   0   0  41   0 180
14    0   0  97   0   0   0  47   0 180
15    0   0 180   0   0   0 101   0 180
16    0   0 180   0   0   0 180   0 180
17    0   0 180   0 180   0 180   0 180
18  180   0 180   0 180   0 180   0 180
19  180   0 180   0 180   0 180   0   0
20  180   0 180   0 180   0 180   0   0
21  180   0 180   0  89   0 180   0   0
22  180   0 108   0 180   0 180   0   0
23  180   0 180 180 180   0   0   0   0
24  180   0   0 118 180   0   0   0   0
25  180   0   0  83 180   0   0   0   0
26  180   0   0  77 180   0   0   0   0
27  180   0   0  73 142   0   0   0   0
28  180   0   0 180 180   0   0   0   0
29  145   0   0 145 180   0   0   0   0