Number of suppliers is 8

Time Manufacturer Suppliers 
t     0   1   2   3   4   5   6   7   8
0     0   0   0   0   0   0   0   0   5
1     0   0   0   0   0   0   0   0   5
2     0   0   0   0   0   0   0   0  15
3     0   0   0   0   0   0   0   0  37
4     0   0   0   0   0   0   0   0  45
5     0   0   0   0   0   0   0   0 118
6     0   0   0   0   0   0   0   0  23
7     0   0   0   0   0   0   0   0  73
8     0   0   0   0   0   0   0   0 170
9     0   0   0   0   0   0   0   0 180
10    0   0   0   0   0   0   0   0 180
11    0   0   0   0   0   0   0   0 180
12    0   0   0   0   0   0   0   0 180
13    0   0   0   0   0   0   0   0  61
14    0   0   0   0   0   0   0   0 151
15    0   0   0   0   0   0   0   0 174
16    0   0   0   0   0   0   0   0 180
17    0   0   0   0   0   0   0   0 180
18    0   0   0   0   0   0   0   0 180
19    0   0   0   0   0   0   0   0   0
20    0   0   0   0   0   0   0   0   0
21    0   0   0   0   0   0   0   0   0
22    0   0   0   0   0   0   0   0   0
23    0   0   0   0   0   0   0   0   0
24    0   0   0   0   0   0   0   0   0
25    0   0   0   0   0   0   0   0   0
26    0   0   0   0   0   0   0   0   0
27    0   0   0   0   0   0   0   0   0
28    0   0   0   0   0   0   0   0   0
29    0   0   0   0   0   0   0   0   0