Number of suppliers is 8

Time Manufacturer Suppliers 
t     0   1   2   3   4   5   6   7   8
0     0   0   0   0   0   0   0   0   5
1     0   0   0   0   0   0   0   0   5
2     0   0   0   0   0   0   0   0  15
3     0   0   0   0   0   0   0   0   8
4     0   0   0   0   0   0   0   0  14
5     0   0   0   0   0   0   0   0  36
6     0   0   0   0   0   0   0   0  27
7     0   0   0   0   0   0   0   0  49
8     0   0   0   0   0   0   0   0  18
9     0   0   0   0   0   0   0   0  29
10    0   0   0   0   0   0   0   0  50
11    0   0   0   0   0   0   0   0  97
12    0   0   0   0   0   0   0   0 180
13    0   0   0   0   0   0   0   0 180
14    0   0   0   0   0   0   0   0 180
15    0   0   0   0   0   0   0   0 180
16    0   0   0   0   0   0   0   0 180
17    0   0   0   0   0   0   0   0   0
18    0   0   0   0   0   0   0   0   0
19    0   0   0   0   0   0   0   0   0
20    0   0   0   0   0   0   0   0   0
21    0   0   0   0   0   0   0   0   0
22    0   0   0   0   0   0   0   0   0
23    0   0   0   0   0   0   0   0   0
24    0   0   0   0   0   0   0   0   0
25    0   0   0   0   0   0   0   0   0
26    0   0   0   0   0   0   0   0   0
27    0   0   0   0   0   0   0   0   0
28    0   0   0   0   0   0   0   0   0
29    0   0   0   0   0   0   0   0   0