Number of suppliers is 8

Time Manufacturer Suppliers 
t     0   1   2   3   4   5   6   7   8
0     0   0   0   0   0   0   0   0   5
1     0   0   0   0   0   0   0   0   7
2     0   0   0   0   0   0   0   0  16
3     0   0   0   0   0   0   0   0  13
4     0   0   0   0   0   0   0   0  38
5     0   0   0   0   0   0   0   0 127
6     0   0   0   0   0  94   0   0  94
7     0   0   0   0   0  94   0   0 162
8     0   0   0   0   0  37   0   0 180
9     0   0   0   0   0  74   0   0 180
10    0   0   0   0   0 105   0   0 180
11    0   0   0   0   0 180   0   0 180
12    0   0   0 180   0 180   0   0 180
13    0   0   0 180   0 180   0   0 180
14    0   0   0 180   0 180   0   0 160
15    0   0   0 180   0 180   0   0 180
16    0   0   0 180   0 180   0   0 180
17    0   0   0 180   0 180   0   0   0
18  180   0   0 180   0 180   0   0   0
19  180   0   0 180   0  46   0   0   0
20  180   0   0 180   0  71   0   0   0
21  180   0   0 180   0   0   0   0   0
22  180   0   0 180   0   0   0   0   0
23  180   0   0 180   0   0   0   0   0
24  180   0   0 180   0   0   0   0   0
25  180   0   0 180   0   0   0   0   0
26  180   0   0 180   0   0   0   0   0
27  180   0   0 180   0   0   0   0   0
28  180   0   0 180   0   0   0   0   0
29  180   0   0 180   0   0   0   0   0