1.237000000000000044e-01 1.005000000000000060e-01 0.000000000000000000e+00 1.000000000000000000e+00
0.000000000000000000e+00 0.000000000000000000e+00 0.000000000000000000e+00 0.000000000000000000e+00
3.819999999999999785e-02 3.459999999999999881e-02 0.000000000000000000e+00 4.545000000000000151e-01
1.517000000000000015e-01 9.879999999999999893e-02 0.000000000000000000e+00 1.000000000000000000e+00
5.940000000000000141e-02 5.410000000000000225e-02 0.000000000000000000e+00 1.000000000000000000e+00
2.565000000000000058e-01 1.746000000000000052e-01 0.000000000000000000e+00 1.000000000000000000e+00
4.390000000000000152e-02 0.000000000000000000e+00 4.070000000000000007e-02 5.279999999999999971e-02
1.125000000000000028e-01 7.850000000000000033e-02 0.000000000000000000e+00 1.000000000000000000e+00
4.139999999999999930e-02 1.100000000000000066e-03 0.000000000000000000e+00 2.079000000000000015e-01
5.840000000000000052e-02 5.129999999999999838e-02 0.000000000000000000e+00 1.000000000000000000e+00
