Shape of feature is4741
graph number0from back end 
[0.0, 0.0, 0.0, 0.0, 0.0, 0.0, 0.045454545454545449, 0.0, 0.0, 0.0]
graph number1from back end 
[0.0, 0.0, 0.0, 0.0, 0.0, 0.0, 0.041666666666666671, 0.0, 0.071428571428571425, 0.0]
graph number2from back end 
[0.0, 0.0, 0.0, 0.0, 0.0, 1.0, 0.041666666666666671, 0.0, 0.041666666666666671, 0.0]
graph number3from back end 
[0.0, 0.0, 0.0, 0.0, 1.0, 0.0, 0.043478260869565223, 0.0, 0.044444444444444446, 0.0]
graph number4from back end 
[0.0, 0.0, 0.0, 0.0, 0.0, 1.0, 0.046511627906976744, 1.0, 0.1111111111111111, 0.0]
graph number5from back end 
[1.0, 0.0, 1.0, 0.66666666666666663, 1.0, 0.66666666666666663, 0.047619047619047616, 0.5, 0.047619047619047616, 0.0]
graph number6from back end 
[0.0, 0.0, 0.0, 0.0, 0.0, 0.0, 0.045454545454545449, 0.0, 0.045454545454545449, 0.0]
graph number7from back end 
[0.0, 0.0, 0.0, 0.0, 0.0, 0.0, 0.043478260869565223, 0.0, 0.13333333333333333, 0.0]
graph number8from back end 
[0.0, 0.0, 0.0, 0.0, 0.0, 0.0, 0.042553191489361694, 0.0, 0.042553191489361694, 0.0]
graph number9from back end 
[0.0, 0.0, 0.0, 0.5, 0.0, 0.5, 0.043478260869565223, 0.40000000000000002, 0.043478260869565223, 0.66666666666666663]
graph number10from back end 
[0.0, 0.0, 0.0, 0.0, 0.0, 0.0, 0.042553191489361694, 0.0, 0.042553191489361694, 0.0]
graph number11from back end 
[0.0, 0.0, 0.0, 0.0, 0.0, 0.0, 0.046511627906976744, 0.0, 0.057142857142857148, 0.0]
graph number12from back end 
[0.66666666666666663, 0.0, 1.0, 0.33333333333333337, 0.0, 0.66666666666666663, 0.043478260869565223, 0.33333333333333337, 0.043478260869565223, 0.0]
graph number13from back end 
[1.0, 0.0, 0.0, 0.0, 0.0, 0.0, 0.046511627906976744, 0.0, 0.0, 0.0]
graph number14from back end 
[1.0, 0.0, 1.0, 0.0, 0.0, 0.0, 0.042553191489361694, 0.0, 0.0, 0.0]
graph number15from back end 
[0.0, 0.0, 0.0, 0.0, 0.0, 1.0, 0.040816326530612249, 0.0, 0.040816326530612249, 0.0]
graph number16from back end 
[0.0, 0.0, 0.0, 0.0, 0.0, 0.0, 0.045454545454545449, 0.66666666666666663, 0.045454545454545449, 0.0]
graph number17from back end 
[0.0, 0.0, 0.0, 0.0, 0.0, 0.0, 0.047619047619047616, 0.0, 0.047619047619047616, 0.0]
graph number18from back end 
[0.5, 0.0, 0.0, 0.0, 1.0, 0.0, 0.042553191489361694, 0.0, 0.042553191489361694, 0.0]
graph number19from back end 
[0.0, 0.0, 0.0, 0.0, 0.0, 0.0, 0.042553191489361694, 0.0, 0.0, 0.0]
graph number20from back end 
[0.0, 0.0, 0.0, 0.66666666666666663, 0.0, 1.0, 0.042553191489361694, 1.0, 0.042553191489361694, 1.0]
graph number21from back end 
[0.66666666666666663, 0.0, 0.0, 0.0, 0.0, 0.0, 0.041666666666666671, 0.0, 0.041666666666666671, 0.0]
graph number22from back end 
[0.0, 0.0, 0.0, 0.0, 1.0, 0.0, 0.044444444444444446, 0.0, 0.090909090909090898, 0.0]
graph number23from back end 
[0.0, 0.0, 0.0, 0.0, 0.0, 0.0, 0.046511627906976744, 0.0, 0.046511627906976744, 0.0]
graph number24from back end 
[0.0, 0.0, 0.0, 0.0, 0.0, 0.0, 0.045454545454545449, 0.0, 0.048780487804878057, 0.0]
graph number25from back end 
[0.0, 0.0, 0.0, 0.5, 0.0, 0.0, 0.046511627906976744, 0.40000000000000002, 0.046511627906976744, 0.5]
graph number26from back end 
[0.0, 0.0, 0.0, 0.0, 0.0, 1.0, 0.041666666666666671, 0.0, 0.041666666666666671, 0.0]
graph number27from back end 
[0.0, 0.0, 0.0, 0.0, 0.0, 0.0, 0.043478260869565223, 0.0, 0.047619047619047616, 0.0]
graph number28from back end 
[0.0, 0.0, 0.0, 0.0, 0.0, 0.0, 0.041666666666666671, 0.0, 0.0, 0.0]
graph number29from back end 
[0.0, 0.0, 0.0, 0.0, 0.0, 0.0, 0.044444444444444446, 0.0, 0.045454545454545449, 0.0]
graph number30from back end 
[0.0, 0.0, 0.0, 0.0, 0.0, 0.0, 0.043478260869565223, 0.0, 0.047619047619047616, 0.0]
graph number31from back end 
[0.0, 0.0, 0.0, 1.0, 1.0, 0.0, 0.045454545454545449, 0.0, 0.0, 0.0]
graph number32from back end 
[0.0, 0.0, 0.0, 0.0, 0.0, 0.0, 0.044444444444444446, 0.0, 0.0, 0.0]
graph number33from back end 
[0.0, 0.0, 0.0, 0.0, 0.0, 0.0, 0.047619047619047616, 0.0, 0.047619047619047616, 0.0]
graph number34from back end 
[1.0, 0.0, 1.0, 0.66666666666666663, 0.0, 1.0, 0.044444444444444446, 1.0, 0.0, 1.0]
graph number35from back end 
[0.0, 0.0, 0.0, 0.0, 0.0, 0.0, 0.042553191489361694, 0.0, 0.043478260869565223, 0.0]
graph number36from back end 
[0.0, 0.0, 0.0, 0.0, 0.0, 0.0, 0.047619047619047616, 0.0, 0.058823529411764712, 0.0]
graph number37from back end 
[0.0, 0.0, 0.0, 0.0, 0.0, 0.0, 0.042553191489361694, 0.0, 0.044444444444444446, 0.0]
graph number38from back end 
[0.0, 0.0, 0.0, 0.0, 0.0, 1.0, 0.044444444444444446, 0.0, 0.0, 0.0]
graph number39from back end 
[0.0, 0.0, 0.0, 0.0, 0.0, 0.0, 0.048780487804878057, 0.0, 0.051282051282051273, 0.0]
graph number40from back end 
[0.0, 0.0, 0.0, 0.5, 0.0, 0.0, 0.048780487804878057, 0.0, 0.048780487804878057, 0.0]
graph number41from back end 
[0.0, 0.0, 0.0, 1.0, 0.0, 0.0, 0.043478260869565223, 0.0, 0.1111111111111111, 0.0]
graph number42from back end 
[0.0, 0.0, 0.0, 0.66666666666666663, 0.0, 1.0, 0.052631578947368425, 1.0, 0.0, 1.0]
graph number43from back end 
[0.0, 0.0, 0.0, 0.0, 0.0, 0.0, 0.043478260869565223, 0.0, 0.043478260869565223, 0.0]
graph number44from back end 
[0.0, 0.0, 0.0, 0.0, 0.0, 0.0, 0.041666666666666671, 0.0, 0.0, 0.0]
graph number45from back end 
[0.0, 0.0, 0.0, 0.0, 0.0, 1.0, 0.041666666666666671, 0.66666666666666663, 0.041666666666666671, 1.0]
graph number46from back end 
[1.0, 0.0, 0.0, 0.66666666666666663, 0.0, 1.0, 0.042553191489361694, 0.0, 0.0, 0.0]
graph number47from back end 
[0.33333333333333337, 0.0, 0.0, 0.0, 0.0, 0.0, 0.044444444444444446, 0.0, 0.057142857142857148, 0.0]
graph number48from back end 
[0.0, 0.0, 0.0, 0.0, 0.0, 0.0, 0.044444444444444446, 0.0, 0.0, 0.0]
graph number49from back end 
[0.0, 0.0, 0.0, 0.0, 0.0, 0.0, 0.042553191489361694, 0.0, 0.0, 0.0]
graph number50from back end 
[0.0, 0.0, 0.0, 0.0, 0.0, 1.0, 0.043478260869565223, 0.0, 0.043478260869565223, 0.0]
graph number51from back end 
[0.0, 0.0, 0.0, 0.0, 0.0, 0.0, 0.043478260869565223, 0.0, 0.043478260869565223, 0.0]
graph number52from back end 
[0.0, 0.0, 0.0, 0.0, 0.0, 1.0, 0.044444444444444446, 1.0, 0.044444444444444446, 1.0]
graph number53from back end 
[0.0, 0.0, 0.0, 1.0, 0.0, 0.0, 0.041666666666666671, 0.0, 0.0, 0.0]
graph number54from back end 
[1.0, 0.0, 1.0, 0.0, 1.0, 1.0, 0.040816326530612249, 0.5, 0.040816326530612249, 0.66666666666666663]
graph number55from back end 
[0.0, 0.0, 0.0, 0.0, 0.0, 0.0, 0.042553191489361694, 0.0, 0.042553191489361694, 0.0]
graph number56from back end 
[0.0, 0.0, 0.0, 0.66666666666666663, 0.0, 1.0, 0.042553191489361694, 0.0, 0.042553191489361694, 0.0]
graph number57from back end 
[0.0, 0.0, 0.0, 0.0, 0.0, 0.0, 0.042553191489361694, 0.0, 0.043478260869565223, 0.0]
graph number58from back end 
[0.0, 0.0, 0.0, 0.0, 0.0, 0.0, 0.047619047619047616, 0.0, 0.048780487804878057, 0.0]
graph number59from back end 
[0.0, 0.0, 0.0, 1.0, 0.0, 0.0, 0.043478260869565223, 0.0, 0.043478260869565223, 0.0]
graph number60from back end 
[0.0, 0.0, 0.0, 0.0, 0.0, 0.0, 0.041666666666666671, 0.0, 0.1111111111111111, 0.0]
graph number61from back end 
[0.0, 0.0, 0.0, 0.0, 0.0, 0.0, 0.045454545454545449, 0.0, 0.0, 0.0]
graph number62from back end 
[0.0, 0.0, 0.0, 0.0, 0.0, 0.0, 0.041666666666666671, 0.0, 0.041666666666666671, 0.0]
graph number63from back end 
[0.0, 0.0, 0.0, 0.0, 0.0, 0.0, 0.041666666666666671, 0.0, 0.052631578947368425, 0.0]
graph number64from back end 
[1.0, 0.0, 0.0, 1.0, 0.0, 0.66666666666666663, 0.044444444444444446, 0.0, 0.044444444444444446, 0.0]
graph number65from back end 
[0.0, 0.0, 0.0, 0.66666666666666663, 0.0, 0.66666666666666663, 0.051282051282051273, 0.0, 0.0, 0.0]
graph number66from back end 
[0.0, 0.0, 0.0, 0.0, 0.0, 1.0, 0.043478260869565223, 0.0, 0.043478260869565223, 0.0]
graph number67from back end 
[0.0, 0.0, 0.0, 0.0, 0.0, 0.0, 0.041666666666666671, 0.0, 0.041666666666666671, 0.0]
graph number68from back end 
[0.0, 0.0, 0.0, 0.0, 0.0, 1.0, 0.041666666666666671, 0.0, 0.052631578947368425, 0.0]
graph number69from back end 
[0.0, 0.0, 0.0, 0.0, 0.0, 0.0, 0.041666666666666671, 0.0, 0.041666666666666671, 0.0]
graph number70from back end 
[0.0, 0.0, 0.0, 0.0, 0.0, 0.0, 0.045454545454545449, 0.0, 0.07407407407407407, 0.0]
graph number71from back end 
[0.0, 0.0, 0.0, 1.0, 1.0, 0.0, 0.042553191489361694, 0.66666666666666663, 0.125, 0.0]
graph number72from back end 
[0.0, 0.0, 0.0, 0.0, 0.0, 0.0, 0.045454545454545449, 0.0, 0.045454545454545449, 0.0]
graph number73from back end 
[0.0, 0.0, 0.0, 0.0, 0.0, 1.0, 0.045454545454545449, 0.0, 0.0, 0.0]
graph number74from back end 
[0.0, 0.0, 0.0, 0.0, 0.0, 0.0, 0.043478260869565223, 0.0, 0.0, 0.0]
graph number75from back end 
[0.0, 0.0, 0.0, 0.0, 0.0, 0.0, 0.044444444444444446, 0.0, 0.044444444444444446, 0.0]
graph number76from back end 
[0.0, 0.0, 0.0, 0.0, 0.0, 0.0, 0.043478260869565223, 0.0, 0.0, 0.0]
graph number77from back end 
[0.0, 0.0, 0.0, 0.0, 0.0, 1.0, 0.045454545454545449, 0.0, 0.045454545454545449, 0.0]
graph number78from back end 
[0.5, 0.0, 1.0, 0.33333333333333337, 0.0, 0.66666666666666663, 0.045454545454545449, 0.25, 0.13333333333333333, 0.0]
graph number79from back end 
[0.0, 0.0, 0.0, 0.0, 0.0, 0.0, 0.041666666666666671, 0.0, 0.041666666666666671, 0.0]
graph number80from back end 
[0.0, 0.0, 0.0, 0.0, 0.0, 0.0, 0.044444444444444446, 0.0, 0.045454545454545449, 0.0]
graph number81from back end 
[0.0, 0.0, 0.0, 0.66666666666666663, 1.0, 0.0, 0.043478260869565223, 0.0, 0.043478260869565223, 0.0]
graph number82from back end 
[1.0, 0.0, 0.0, 0.0, 0.0, 1.0, 0.042553191489361694, 0.66666666666666663, 0.042553191489361694, 0.0]
graph number83from back end 
[0.0, 0.0, 0.0, 0.0, 0.0, 0.0, 0.042553191489361694, 0.0, 0.042553191489361694, 0.0]
graph number84from back end 
[0.0, 0.0, 0.0, 0.0, 0.0, 0.0, 0.042553191489361694, 0.0, 0.042553191489361694, 0.0]
graph number85from back end 
[0.0, 0.0, 0.0, 0.0, 0.0, 0.0, 0.045454545454545449, 0.0, 0.045454545454545449, 0.0]
graph number86from back end 
[0.0, 0.0, 0.0, 0.0, 0.0, 1.0, 0.044444444444444446, 0.0, 0.044444444444444446, 0.0]
graph number87from back end 
[0.0, 0.0, 0.0, 0.0, 0.0, 0.40000000000000002, 0.042553191489361694, 0.0, 0.0, 0.0]
graph number88from back end 
[0.0, 0.0, 0.0, 0.0, 0.0, 0.0, 0.043478260869565223, 0.0, 0.0, 0.0]
graph number89from back end 
[0.0, 0.0, 0.0, 0.0, 0.0, 1.0, 0.042553191489361694, 1.0, 0.0, 0.0]
graph number90from back end 
[1.0, 0.0, 0.0, 0.0, 0.0, 1.0, 0.047619047619047616, 0.66666666666666663, 0.0, 1.0]
graph number91from back end 
[0.0, 0.0, 0.0, 0.5, 0.0, 0.66666666666666663, 0.041666666666666671, 0.0, 0.0, 0.0]
graph number92from back end 
[0.0, 0.0, 0.0, 0.33333333333333337, 0.66666666666666663, 0.66666666666666663, 0.043478260869565223, 0.0, 0.043478260869565223, 0.0]
graph number93from back end 
[0.0, 0.0, 0.0, 1.0, 0.0, 0.0, 0.041666666666666671, 0.0, 0.041666666666666671, 0.0]
graph number94from back end 
[0.0, 0.0, 0.0, 0.66666666666666663, 0.0, 0.0, 0.043478260869565223, 0.0, 0.083333333333333329, 0.0]
graph number95from back end 
[1.0, 0.0, 1.0, 0.66666666666666663, 0.0, 1.0, 0.045454545454545449, 1.0, 0.07407407407407407, 1.0]
graph number96from back end 
[0.0, 0.0, 0.0, 0.0, 0.0, 0.0, 0.042553191489361694, 0.0, 0.079999999999999988, 0.0]
graph number97from back end 
[0.0, 0.0, 0.0, 0.0, 0.0, 0.0, 0.045454545454545449, 0.0, 0.052631578947368425, 0.0]
graph number98from back end 
[0.0, 0.0, 0.0, 0.0, 0.0, 0.0, 0.054054054054054057, 0.0, 0.071428571428571425, 0.0]
graph number99from back end 
[0.0, 0.0, 0.0, 0.0, 0.0, 0.0, 0.043478260869565223, 0.0, 0.043478260869565223, 0.0]
0.126666666667 0.0 0.07 0.166666666667 0.0866666666667 0.285666666667 0.0441061482754 0.127166666667 0.0407619269614 0.0883333333333 