2.286999999999999866e-01 1.683000000000000052e-01 0.000000000000000000e+00 1.000000000000000000e+00
0.000000000000000000e+00 0.000000000000000000e+00 0.000000000000000000e+00 0.000000000000000000e+00
1.650000000000000078e-01 1.370999999999999996e-01 0.000000000000000000e+00 1.000000000000000000e+00
2.787999999999999923e-01 1.698000000000000065e-01 0.000000000000000000e+00 1.000000000000000000e+00
2.466000000000000136e-01 1.844999999999999973e-01 0.000000000000000000e+00 1.000000000000000000e+00
2.561999999999999833e-01 1.855999999999999872e-01 0.000000000000000000e+00 1.000000000000000000e+00
4.390000000000000152e-02 0.000000000000000000e+00 4.000000000000000083e-02 5.879999999999999810e-02
1.064999999999999974e-01 8.079999999999999682e-02 0.000000000000000000e+00 1.000000000000000000e+00
4.390000000000000152e-02 0.000000000000000000e+00 4.000000000000000083e-02 5.879999999999999810e-02
2.170000000000000054e-02 2.029999999999999860e-02 0.000000000000000000e+00 1.000000000000000000e+00
